3.125000000000000000e-01
4.210526315789473450e-01
5.000000000000000000e-01
3.157894736842105088e-01
4.444444444444444198e-01
4.166666666666666852e-01
7.142857142857143016e-01
5.999999999999999778e-01
3.636363636363636465e-01
4.230769230769230727e-01
3.571428571428571508e-01
4.545454545454545303e-01
4.117647058823529216e-01
4.761904761904761640e-01
5.333333333333333259e-01
7.500000000000000000e-01
4.615384615384615641e-01
5.000000000000000000e-01
6.666666666666666297e-01
8.181818181818182323e-01
3.076923076923077094e-01
3.846153846153846367e-01
5.625000000000000000e-01
8.000000000000000444e-01
3.076923076923077094e-01
4.545454545454545303e-01
1.000000000000000000e+00
4.444444444444444198e-01
4.285714285714285476e-01
4.375000000000000000e-01
4.615384615384615641e-01
5.000000000000000000e-01
3.529411764705882582e-01
3.103448275862069061e-01
3.461538461538461453e-01
5.999999999999999778e-01
4.666666666666666741e-01
3.636363636363636465e-01
4.615384615384615641e-01
3.076923076923077094e-01
8.750000000000000000e-01
1.399999999999999911e+00
5.555555555555555802e-01
8.750000000000000000e-01
5.714285714285713969e-01
4.090909090909091161e-01
4.000000000000000222e-01
2.800000000000000266e-01
5.999999999999999778e-01
5.000000000000000000e-01
4.000000000000000222e-01
4.285714285714285476e-01
1.000000000000000000e+00
3.125000000000000000e-01
6.250000000000000000e-01
3.200000000000000067e-01
3.636363636363636465e-01
4.444444444444444198e-01
4.705882352941176405e-01
5.714285714285713969e-01
4.285714285714285476e-01
8.888888888888888395e-01
4.615384615384615641e-01
5.384615384615384359e-01
5.714285714285713969e-01
5.555555555555555802e-01
3.076923076923077094e-01
1.000000000000000000e+00
1.000000000000000000e+00
5.714285714285713969e-01
5.999999999999999778e-01
6.666666666666666297e-01
3.750000000000000000e-01
7.500000000000000000e-01
5.714285714285713969e-01
6.250000000000000000e-01
3.846153846153846367e-01
5.000000000000000000e-01
4.666666666666666741e-01
5.454545454545454142e-01
4.615384615384615641e-01
4.615384615384615641e-01
2.777777777777777901e-01
5.555555555555555802e-01
3.125000000000000000e-01
5.384615384615384359e-01
5.714285714285713969e-01
4.117647058823529216e-01
3.703703703703703498e-01
8.000000000000000444e-01
3.636363636363636465e-01
5.000000000000000000e-01
5.000000000000000000e-01
3.333333333333333148e-01
4.210526315789473450e-01
5.000000000000000000e-01
5.000000000000000000e-01
6.666666666666666297e-01
3.076923076923077094e-01
3.333333333333333148e-01
